
Polynomial Coefficient: [-90, 1]
Basic:
	S0: 100, T: 0.25, sigma: 0.2
NIG related Coeff:
	delta: 1.326, alpha: 15.624, beta: 4.025
Result:
	C.V.: (12.75705957, 12.77749757)
	mean: 12.767278573568973
	std: 0.005109500460620286
	max: 
		[347.65, 360.51, 374.26, 395.15, 417.0],
		[349.09, 351.62, 356.32, 389.25, 424.56],
		[337.27, 344.35, 347.27, 354.94, 368.7],
		[333.32, 355.96, 358.13, 360.92, 365.56],
		[346.89, 360.6, 367.53, 374.03, 384.8],
		[358.56, 360.52, 433.17, 433.38, 448.53],
		[345.09, 345.67, 353.65, 386.46, 389.95],
		[349.14, 355.6, 366.25, 373.95, 379.53],
		[342.23, 344.62, 351.26, 352.09, 409.82],
		[347.69, 348.29, 380.7, 394.35, 516.92],
		[361.17, 363.18, 381.01, 382.8, 404.35],
		[363.24, 368.7, 376.8, 378.19, 447.18],
		[367.35, 391.29, 416.92, 445.66, 450.97],
		[338.92, 339.4, 340.55, 363.16, 471.76],
		[327.81, 329.53, 330.18, 331.63, 347.73],
		[333.97, 334.02, 342.13, 342.26, 366.44],
		[321.26, 326.19, 331.02, 336.58, 339.16],
		[364.02, 367.61, 369.23, 373.96, 398.57],
		[360.89, 361.19, 365.87, 395.66, 407.57],
		[355.98, 360.5, 375.62, 386.6, 391.85]
	min: 
		[33.63, 36.95, 38.64, 41.32, 42.34],
		[39.15, 39.44, 40.03, 40.48, 41.3],
		[41.25, 41.97, 42.44, 42.79, 43.69],
		[31.62, 35.58, 36.1, 38.89, 40.44],
		[42.03, 42.1, 42.29, 42.79, 43.11],
		[40.98, 42.03, 42.19, 43.51, 43.56],
		[36.76, 41.63, 41.67, 42.12, 42.36],
		[36.92, 39.11, 40.56, 40.97, 41.15],
		[37.13, 41.68, 41.94, 42.46, 42.55],
		[40.91, 41.25, 41.53, 42.71, 43.42],
		[27.45, 35.79, 39.18, 39.2, 41.55],
		[39.6, 40.24, 40.47, 40.97, 41.33],
		[33.64, 38.47, 39.88, 41.42, 41.67],
		[42.22, 42.38, 42.72, 43.32, 43.87],
		[35.18, 41.6, 42.02, 42.25, 42.68],
		[35.97, 39.87, 40.49, 41.15, 41.43],
		[41.46, 41.84, 42.34, 42.74, 43.45],
		[39.13, 39.22, 39.97, 40.99, 41.25],
		[37.71, 39.33, 39.48, 40.57, 40.58],
		[36.37, 36.55, 37.41, 40.48, 41.7]

Polynomial Coefficient: [-2725, -100, 1]
Basic:
	S0: 80, T: 0.25, sigma: 0.4
NIG related Coeff:
	delta: 1.326, alpha: 15.624, beta: 4.025
Result:
	C.V.: (17.95662396, 18.37832549)
	mean: 18.167474724947432
	std: 0.10542538386137507
	max: 
		[266.62, 268.46, 268.83, 277.95, 285.17],
		[268.12, 271.46, 280.93, 296.27, 343.26],
		[275.82, 290.36, 292.67, 323.83, 352.72],
		[273.8, 286.11, 303.46, 342.55, 355.36],
		[294.72, 304.0, 308.89, 315.47, 317.49],
		[302.05, 307.47, 314.78, 323.68, 345.01],
		[286.63, 289.38, 305.48, 308.59, 314.44],
		[270.41, 274.9, 279.09, 284.1, 315.7],
		[283.26, 284.14, 286.29, 291.13, 309.06],
		[274.87, 275.38, 278.82, 286.63, 303.03],
		[280.3, 281.8, 289.97, 309.46, 337.79],
		[292.44, 299.5, 303.18, 329.36, 336.98],
		[258.89, 261.02, 268.08, 273.97, 280.38],
		[265.79, 273.41, 273.94, 302.79, 315.05],
		[278.9, 280.25, 292.76, 312.59, 339.89],
		[288.82, 293.86, 307.25, 311.09, 320.36],
		[277.71, 278.9, 280.35, 299.37, 319.84],
		[273.48, 277.69, 317.46, 318.24, 335.71],
		[268.85, 271.19, 280.47, 292.12, 305.08],
		[267.96, 268.59, 291.87, 311.22, 325.51]
	min: 
		[31.48, 32.49, 33.43, 35.0, 35.12],
		[31.53, 34.41, 34.55, 34.71, 34.98],
		[29.26, 31.49, 32.04, 32.1, 32.99],
		[32.85, 33.2, 34.51, 35.23, 35.26],
		[29.77, 33.09, 34.04, 34.05, 34.78],
		[28.53, 31.04, 31.68, 32.72, 33.11],
		[31.09, 31.53, 32.83, 33.07, 33.76],
		[32.1, 32.18, 34.21, 34.79, 34.95],
		[32.2, 33.3, 34.71, 34.92, 35.13],
		[31.22, 33.5, 33.6, 34.26, 34.44],
		[32.54, 32.62, 33.49, 33.76, 33.78],
		[32.14, 32.81, 33.76, 34.31, 34.35],
		[32.43, 34.05, 34.08, 34.35, 34.61],
		[30.31, 32.2, 33.22, 33.98, 34.53],
		[28.81, 32.02, 32.57, 33.01, 33.97],
		[31.02, 32.37, 32.58, 33.82, 33.95],
		[32.81, 34.27, 34.46, 34.51, 34.83],
		[32.78, 33.17, 33.52, 34.08, 34.31],
		[30.23, 33.06, 33.44, 34.56, 34.61],
		[28.99, 31.85, 33.52, 35.56, 35.95]

Polynomial Coefficient: [947.1, -30.164, 0.309, -0.001]
Basic:
	S0: 110, T: 0.25, sigma: 0.4
NIG related Coeff:
	delta: 1.326, alpha: 15.624, beta: 4.025
Result:
	C.V.: (29.53012154, 29.54889204)
	mean: 29.539506790304916
	std: 0.0046926226932981685
	max: 
		[407.08, 413.52, 417.65, 440.46, 504.65],
		[381.24, 386.38, 389.15, 395.54, 398.97],
		[397.19, 398.12, 398.86, 407.54, 421.93],
		[391.42, 395.84, 419.42, 454.51, 465.11],
		[377.62, 378.21, 379.04, 418.05, 419.76],
		[356.52, 359.96, 390.83, 397.58, 466.68],
		[372.44, 393.64, 401.82, 457.07, 524.34],
		[360.05, 369.67, 389.28, 395.76, 408.49],
		[392.66, 393.91, 404.92, 425.11, 457.32],
		[379.52, 389.65, 395.15, 431.05, 448.39],
		[362.53, 365.17, 374.0, 383.81, 429.4],
		[404.95, 406.62, 407.44, 440.86, 466.46],
		[402.31, 436.35, 447.43, 490.07, 542.06],
		[378.56, 386.62, 392.2, 399.63, 418.79],
		[363.44, 365.54, 367.26, 383.72, 394.43],
		[344.55, 355.05, 361.54, 414.94, 428.71],
		[370.69, 380.32, 388.56, 389.06, 390.43],
		[396.53, 398.85, 443.57, 465.64, 522.45],
		[397.85, 398.16, 405.62, 428.34, 518.27],
		[379.93, 408.55, 421.54, 458.73, 468.23]
	min: 
		[43.42, 44.6, 45.81, 46.37, 47.45],
		[44.05, 44.26, 45.37, 45.88, 47.2],
		[41.73, 43.3, 45.24, 46.73, 47.66],
		[39.78, 43.6, 44.05, 44.06, 44.2],
		[41.7, 43.64, 45.99, 46.3, 46.78],
		[43.56, 45.13, 46.36, 46.69, 46.87],
		[44.22, 44.97, 45.14, 45.22, 46.27],
		[39.61, 42.88, 43.78, 44.12, 44.37],
		[42.72, 45.16, 45.76, 46.51, 46.69],
		[43.19, 43.68, 44.49, 44.99, 46.21],
		[44.5, 44.99, 45.37, 45.6, 45.71],
		[40.37, 42.31, 44.07, 44.92, 46.53],
		[40.65, 44.57, 45.56, 45.76, 46.78],
		[41.05, 43.04, 43.14, 43.75, 45.01],
		[38.95, 41.75, 45.33, 46.13, 46.32],
		[42.38, 43.75, 44.05, 44.28, 45.02],
		[43.15, 43.29, 43.96, 45.1, 46.01],
		[43.5, 43.96, 44.35, 44.39, 47.69],
		[42.67, 43.78, 43.86, 44.1, 44.54],
		[43.01, 44.45, 45.33, 46.34, 46.85]

Polynomial Coefficient: [44.235, -39.474, 5.4793, -0.2358, 0.0031]
Basic:
	S0: 15, T: 0.25, sigma: 0.3
NIG related Coeff:
	delta: 1.326, alpha: 15.624, beta: 4.025
Result:
	C.V.: (41.85609015, 41.87916351)
	mean: 41.867626828291066
	std: 0.005768341238307401
	max: 
		[53.03, 55.07, 57.61, 57.88, 86.62],
		[55.54, 55.78, 56.65, 56.93, 73.17],
		[53.24, 53.97, 54.24, 56.17, 59.72],
		[51.51, 52.62, 53.17, 53.81, 56.93],
		[52.54, 53.24, 54.53, 55.85, 63.1],
		[49.62, 50.39, 51.01, 51.05, 54.94],
		[50.54, 51.22, 52.58, 54.15, 57.26],
		[52.2, 52.65, 54.64, 55.11, 60.5],
		[53.3, 54.04, 55.05, 56.35, 60.96],
		[49.79, 50.21, 51.03, 55.19, 59.81],
		[50.28, 51.09, 51.65, 55.22, 58.18],
		[59.78, 60.76, 62.45, 64.35, 71.19],
		[52.94, 53.0, 54.79, 59.18, 69.7],
		[54.82, 57.64, 60.69, 61.71, 81.67],
		[56.62, 57.23, 58.53, 64.12, 69.95],
		[49.32, 50.27, 54.53, 54.95, 56.91],
		[50.89, 51.21, 53.24, 54.81, 57.05],
		[54.01, 54.42, 60.19, 62.07, 62.92],
		[54.05, 54.5, 54.6, 55.51, 76.59],
		[51.76, 52.29, 53.09, 54.59, 57.61]
	min: 
		[5.78, 5.97, 6.04, 6.05, 6.13],
		[5.86, 6.29, 6.35, 6.47, 6.49],
		[5.92, 6.06, 6.07, 6.29, 6.35],
		[5.34, 5.79, 5.94, 5.98, 6.02],
		[5.99, 6.25, 6.38, 6.39, 6.46],
		[5.87, 5.91, 6.18, 6.38, 6.46],
		[5.16, 6.04, 6.46, 6.59, 6.73],
		[6.21, 6.31, 6.39, 6.42, 6.55],
		[5.83, 6.05, 6.09, 6.21, 6.35],
		[6.01, 6.07, 6.24, 6.44, 6.46],
		[6.06, 6.24, 6.26, 6.39, 6.43],
		[5.81, 6.04, 6.05, 6.08, 6.3],
		[5.99, 6.23, 6.35, 6.47, 6.55],
		[6.06, 6.23, 6.26, 6.36, 6.36],
		[5.86, 6.33, 6.37, 6.38, 6.39],
		[6.26, 6.52, 6.59, 6.59, 6.76],
		[6.18, 6.2, 6.24, 6.28, 6.48],
		[5.97, 6.29, 6.42, 6.49, 6.54],
		[5.26, 5.52, 5.73, 5.84, 6.37],
		[5.64, 6.19, 6.32, 6.36, 6.38]
