
Polynomial Coefficient: [-90, 1]
Basic:
	S0: 100, T: 0.25, sigma: 0.2
VG related Coeff:
	gamma_mean: -0.14, gamma_var: 0.2
Result:
	C.V.: (11.94322766, 11.98120343)
	mean: 11.96221554506177
	std: 0.009493942922073315
	max: 
		[165.08, 171.17, 172.71, 173.23, 179.75],
		[172.21, 177.9, 179.84, 181.67, 192.94],
		[166.18, 170.38, 170.96, 178.07, 186.86],
		[170.58, 175.83, 180.01, 180.81, 181.82],
		[167.39, 168.11, 173.77, 177.56, 180.64],
		[167.19, 168.25, 168.48, 209.9, 210.93],
		[165.89, 168.83, 171.51, 173.45, 175.79],
		[170.48, 171.76, 171.8, 173.73, 195.4],
		[165.79, 166.01, 166.91, 169.2, 169.95],
		[177.91, 179.88, 191.5, 195.78, 241.64],
		[173.21, 173.55, 176.38, 178.1, 185.68],
		[163.03, 164.55, 164.63, 167.22, 175.55],
		[174.43, 174.57, 179.52, 183.37, 184.31],
		[175.59, 175.83, 180.29, 180.66, 183.05],
		[164.05, 165.93, 167.66, 169.76, 170.02],
		[168.09, 172.25, 172.79, 174.94, 182.53],
		[175.12, 177.28, 179.56, 184.84, 188.1],
		[173.54, 178.72, 179.59, 181.52, 183.49],
		[164.49, 168.3, 169.34, 173.21, 181.59],
		[174.11, 182.12, 194.31, 196.64, 198.28]
	min: 
		[34.43, 41.17, 42.33, 44.8, 44.82],
		[35.2, 39.08, 42.33, 44.22, 46.49],
		[40.91, 40.99, 42.67, 42.95, 43.23],
		[44.42, 47.58, 47.82, 48.52, 49.28],
		[43.62, 45.13, 45.55, 46.62, 46.7],
		[37.69, 40.99, 43.65, 47.23, 48.11],
		[37.99, 38.0, 39.25, 44.16, 47.1],
		[44.34, 44.41, 45.35, 48.26, 48.48],
		[38.01, 41.77, 44.36, 46.15, 46.34],
		[40.92, 44.86, 45.05, 45.85, 46.24],
		[47.48, 47.58, 47.81, 50.01, 50.07],
		[21.8, 36.68, 43.68, 44.12, 44.14],
		[44.01, 46.75, 46.85, 47.46, 48.07],
		[37.03, 39.09, 40.1, 43.96, 44.14],
		[40.33, 43.87, 46.13, 46.89, 47.32],
		[44.59, 45.76, 46.05, 46.28, 47.45],
		[39.31, 43.54, 44.91, 44.93, 46.51],
		[39.81, 46.08, 46.33, 49.14, 49.48],
		[34.62, 42.54, 46.23, 47.06, 47.38],
		[31.63, 42.27, 43.12, 45.87, 46.63]

Polynomial Coefficient: [-90, 1]
Basic:
	S0: 100, T: 0.25, sigma: 0.2
VG related Coeff:
	gamma_mean: -0.14, gamma_var: 0.2
Result:
	C.V.: (11.94349714, 11.98222884)
	mean: 11.962862992786
	std: 0.009682924618274233
	max: 
		[164.76, 170.64, 175.18, 178.98, 194.3],
		[167.07, 169.99, 176.22, 184.33, 191.13],
		[170.95, 175.37, 179.19, 182.03, 211.74],
		[180.88, 182.09, 184.3, 184.43, 186.18],
		[165.81, 167.04, 172.76, 177.83, 189.08],
		[166.76, 173.37, 174.36, 175.84, 177.37],
		[170.09, 177.29, 192.85, 209.79, 213.43],
		[168.73, 170.79, 173.5, 179.77, 182.64],
		[167.45, 167.86, 170.68, 176.55, 214.67],
		[172.74, 173.69, 175.52, 178.78, 182.61],
		[168.48, 170.9, 175.6, 176.06, 176.98],
		[166.69, 172.25, 172.84, 173.41, 180.83],
		[172.02, 174.15, 175.55, 177.7, 177.88],
		[163.07, 163.75, 165.78, 165.87, 176.49],
		[174.64, 178.84, 180.47, 182.33, 211.78],
		[178.96, 180.39, 189.75, 194.05, 205.27],
		[166.01, 167.38, 167.97, 174.75, 179.67],
		[168.17, 169.46, 176.0, 176.34, 189.83],
		[162.27, 164.63, 165.13, 173.55, 179.99],
		[162.32, 164.55, 167.38, 167.76, 174.33]
	min: 
		[45.92, 46.0, 49.43, 49.83, 50.35],
		[43.53, 45.27, 45.86, 46.9, 47.54],
		[41.55, 45.61, 46.38, 46.91, 47.82],
		[44.26, 44.59, 46.83, 47.99, 48.9],
		[38.24, 41.83, 42.46, 42.91, 44.06],
		[39.54, 40.8, 42.83, 43.66, 45.86],
		[37.23, 41.47, 43.78, 44.29, 44.69],
		[41.78, 43.95, 44.22, 44.54, 46.27],
		[41.3, 42.74, 44.7, 44.85, 47.28],
		[35.24, 41.79, 43.48, 45.02, 46.07],
		[37.71, 42.51, 45.2, 46.83, 46.85],
		[43.81, 46.45, 47.37, 47.54, 48.58],
		[43.37, 44.84, 44.87, 45.1, 45.4],
		[43.33, 48.13, 48.46, 48.53, 49.5],
		[40.13, 41.92, 43.51, 46.35, 47.04],
		[35.56, 41.47, 42.47, 42.85, 46.03],
		[40.07, 40.78, 40.78, 41.9, 43.15],
		[41.3, 43.39, 44.25, 44.82, 47.22],
		[40.02, 40.8, 41.73, 45.13, 45.84],
		[44.08, 44.18, 44.47, 45.16, 46.39]

Polynomial Coefficient: [-2725, -100, 1]
Basic:
	S0: 80, T: 0.25, sigma: 0.4
VG related Coeff:
	gamma_mean: -0.14, gamma_var: 0.2
Result:
	C.V.: (54.46580033, 63.97291474)
	mean: 59.2193575316147
	std: 2.3767786019107753
	max: 
		[243.45, 246.38, 251.22, 257.23, 303.18],
		[237.0, 242.66, 253.47, 263.07, 314.89],
		[236.44, 238.28, 242.3, 294.68, 308.62],
		[220.9, 221.03, 231.17, 251.55, 266.46],
		[251.71, 255.1, 307.82, 309.71, 317.81],
		[262.76, 263.22, 310.7, 328.81, 405.89],
		[278.98, 284.63, 347.67, 372.26, 489.23],
		[263.62, 279.73, 282.16, 309.39, 311.4],
		[275.5, 277.79, 282.34, 331.47, 347.99],
		[242.14, 242.5, 251.9, 278.04, 351.2],
		[234.72, 241.29, 257.46, 271.61, 292.77],
		[260.05, 265.34, 282.82, 301.49, 401.97],
		[272.49, 275.23, 277.22, 277.87, 301.5],
		[254.44, 255.16, 286.87, 298.79, 299.06],
		[254.06, 255.08, 288.1, 289.67, 354.52],
		[233.66, 238.9, 239.86, 248.41, 254.63],
		[230.38, 234.08, 243.57, 246.18, 275.75],
		[261.02, 264.37, 282.41, 285.42, 331.5],
		[242.01, 270.38, 282.29, 284.16, 308.15],
		[245.46, 250.76, 253.4, 265.99, 302.38]
	min: 
		[9.31, 14.31, 15.64, 18.54, 18.81],
		[15.96, 19.3, 19.38, 19.42, 19.63],
		[14.27, 18.17, 18.7, 19.35, 19.76],
		[15.26, 16.55, 20.2, 20.49, 20.96],
		[15.37, 20.71, 20.95, 21.03, 22.84],
		[12.23, 19.13, 19.85, 20.44, 20.51],
		[14.69, 18.32, 19.49, 20.27, 21.27],
		[12.88, 15.67, 19.61, 19.72, 20.72],
		[10.46, 18.16, 19.01, 19.17, 19.81],
		[17.94, 18.79, 18.85, 20.23, 20.64],
		[16.23, 16.27, 18.86, 19.6, 20.23],
		[14.87, 16.87, 17.0, 18.38, 18.55],
		[15.28, 17.07, 17.68, 18.05, 18.31],
		[14.31, 17.07, 18.54, 18.73, 19.2],
		[14.52, 18.02, 18.3, 19.45, 19.83],
		[13.74, 16.14, 18.74, 18.93, 20.67],
		[17.06, 19.24, 20.03, 20.4, 21.46],
		[15.85, 17.86, 17.98, 18.78, 20.02],
		[17.61, 18.38, 21.86, 22.53, 22.91],
		[11.74, 19.15, 19.65, 20.31, 20.89]

Polynomial Coefficient: [947.1, -30.164, 0.309, -0.001]
Basic:
	S0: 110, T: 0.25, sigma: 0.4
VG related Coeff:
	gamma_mean: -0.14, gamma_var: 0.2
Result:
	C.V.: (29.45298633, 29.61322863)
	mean: 29.53310748158146
	std: 0.040060575652363206
	max: 
		[330.07, 346.23, 362.74, 376.0, 433.93],
		[353.67, 358.89, 393.75, 479.51, 515.39],
		[336.68, 349.66, 393.79, 419.44, 610.08],
		[336.55, 360.7, 368.53, 368.78, 519.83],
		[331.15, 333.31, 349.41, 361.42, 383.34],
		[313.43, 332.31, 359.92, 405.89, 571.32],
		[336.95, 340.78, 347.29, 391.15, 411.48],
		[378.8, 385.45, 413.15, 432.7, 438.59],
		[342.9, 352.42, 358.96, 362.27, 431.1],
		[372.51, 387.7, 398.05, 431.61, 448.6],
		[358.49, 367.82, 370.7, 391.56, 396.78],
		[329.89, 354.03, 355.55, 367.51, 378.22],
		[328.12, 332.24, 334.6, 338.03, 340.86],
		[317.94, 344.69, 352.86, 366.66, 530.52],
		[342.13, 346.42, 355.67, 374.04, 416.33],
		[385.2, 397.58, 418.59, 440.92, 561.23],
		[352.07, 357.92, 373.27, 453.61, 477.05],
		[362.59, 380.72, 391.04, 400.21, 543.99],
		[363.09, 367.66, 372.29, 373.19, 513.21],
		[342.06, 380.38, 404.24, 405.73, 424.32]
	min: 
		[19.27, 22.37, 22.6, 26.45, 26.88],
		[13.07, 20.6, 28.24, 30.44, 30.85],
		[23.17, 24.98, 25.61, 26.66, 28.67],
		[24.73, 26.61, 26.75, 26.81, 28.52],
		[14.85, 23.14, 25.47, 26.71, 27.86],
		[23.34, 24.51, 26.16, 27.58, 27.93],
		[17.57, 24.73, 26.24, 27.31, 27.81],
		[21.71, 22.73, 26.67, 29.86, 29.92],
		[17.17, 18.59, 26.17, 26.94, 27.17],
		[18.69, 21.59, 22.17, 23.65, 26.72],
		[14.96, 19.86, 20.69, 20.88, 21.3],
		[25.26, 27.29, 27.42, 27.72, 30.07],
		[21.74, 22.28, 24.63, 27.44, 27.87],
		[24.44, 27.72, 29.72, 29.81, 30.31],
		[27.86, 29.12, 29.2, 29.21, 29.47],
		[24.23, 24.66, 25.74, 26.23, 26.65],
		[20.33, 20.62, 25.08, 26.22, 26.54],
		[18.06, 26.94, 27.67, 28.47, 28.82],
		[15.59, 23.51, 24.5, 25.21, 26.02],
		[21.37, 24.17, 25.7, 27.43, 28.84]
